0 0.397948 0.43125 0.142188 0.03125 0.075
0 0.403256 0.192188 0.141406 0.065625 0.0671875
0 0.433862 0.628125 0.463281 0.03125 0.0421875
0 0.444595 0.760156 0.71875 0.173438 0.18125
0 0.445112 0.357031 0.021875 0.0921875 0.04375
0 0.474265 0.332031 0.171094 0.107813 0.126563
0 0.496499 0.688281 0.324219 0.0640625 0.0671875
0 0.508109 0.677344 0.382031 0.0671875 0.0703125
0 0.55691 0.522656 0.128906 0.0234375 0.0515625
0 0.559635 0.269531 0.271875 0.110937 0.1375
0 0.593591 0.784375 0.196094 0.078125 0.0578125
0 0.642384 0.524219 0.161719 0.0265625 0.0359375
0 0.642877 0.5625 0.188281 0.034375 0.0671875
0 0.668199 0.326562 0.0617188 0.08125 0.0703125
0 0.787679 0.614062 0.0132813 0.0875 0.0265625
0 0.868293 0.601562 0.166406 0.03125 0.0328125
0 0.880808 0.807031 0.28125 0.179688 0.190625
0 0.911719 0.16875 0.0601562 0.128125 0.114063
0 0.955526 0.642969 0.146875 0.0390625 0.034375
0 0.970756 0.90625 0.335156 0.078125 0.0546875
0 0.975645 0.461719 0.221094 0.142188 0.107813
0 0.975751 0.799219 0.0984375 0.223438 0.196875
0 0.369682 0.33125 0.171296 0.0822917 0.124074
0 0.37043 0.694271 0.390741 0.0322917 0.0462963
0 0.388878 0.676823 0.380556 0.0630208 0.0722222
0 0.422374 0.305208 0.037963 0.0739583 0.0703704
0 0.442082 0.623958 0.188426 0.0114583 0.0268519
0 0.458285 0.355729 0.0222222 0.090625 0.0444444
0 0.4978 0.326042 0.0611111 0.075 0.0666667
0 0.518418 0.398177 0.160185 0.0265625 0.0407407
0 0.529078 0.240625 0.0106481 0.0447917 0.0212963
0 0.538639 0.19349 0.142593 0.0609375 0.0648148
0 0.54739 0.268229 0.272222 0.109375 0.137037
0 0.619308 0.627604 0.463889 0.0291667 0.0425926
0 0.668298 0.784115 0.194444 0.0713542 0.0574074
0 0.69081 0.43125 0.148148 0.0302083 0.0685185
0 0.792077 0.563021 0.187963 0.0302083 0.0648148
0 0.805391 0.614323 0.012963 0.0838542 0.0259259
0 0.822233 0.805469 0.284259 0.176563 0.2
0 0.869224 0.52474 0.162037 0.0276042 0.037037
0 0.881652 0.522396 0.12963 0.0229167 0.0481481
0 0.90424 0.169792 0.0606481 0.125 0.113889
0 0.947483 0.760156 0.724074 0.190104 0.17037
0 0.963015 0.460677 0.220833 0.134896 0.108333
0 0.971417 0.600781 0.16713 0.0286458 0.0324074
0 0.977413 0.905208 0.334259 0.075 0.0555556
0 0.979001 0.801562 0.099537 0.215625 0.199074
0 0.986474 0.642969 0.146759 0.0369792 0.0324074
