0 0.46236 0.614844 0.0195312 0.0796875 0.0390625
0 0.476952 0.583594 0.0632813 0.0453125 0.0703125
0 0.741181 0.66875 0.725781 0.6 0.548437
0 0.743427 0.538281 0.0429688 0.101562 0.0859375
0 0.832386 0.183594 0.6 0.314063 0.325
0 0.850199 0.90625 0.483594 0.15625 0.120312
0 0.85076 0.292188 0.2375 0.23125 0.378125
0 0.920698 0.90625 0.614844 0.1625 0.157813
0 0.981305 0.511719 0.335938 0.348437 0.4375
0 0.353657 0.56875 0.148148 0.0385417 0.0444444
0 0.382356 0.723958 0.0194444 0.0760417 0.0388889
0 0.46582 0.701823 0.0625 0.0588542 0.0657407
0 0.467315 0.533333 0.140278 0.0770833 0.102778
0 0.517189 0.583333 0.0625 0.04375 0.0694444
0 0.628847 0.0973958 0.297685 0.194792 0.343519
0 0.675305 0.615365 0.0212963 0.0744792 0.0425926
0 0.743008 0.907031 0.484259 0.153646 0.12037
0 0.749929 0.535677 0.037037 0.0807292 0.0740741
0 0.760676 0.907292 0.61713 0.173958 0.156481
0 0.764762 0.66901 0.733796 0.613021 0.532407
0 0.818225 0.183854 0.598611 0.319792 0.315741
0 0.83755 0.294271 0.239352 0.235417 0.382407
0 0.988038 0.542188 0.335648 0.347917 0.450926
