0 0.378588 0.864844 0.167969 0.0234375 0.0484375
0 0.385742 0.530469 0.147656 0.0359375 0.0953125
0 0.407202 0.991406 0.0890625 0.0171875 0.046875
0 0.474028 0.957031 0.0359375 0.0390625 0.04375
0 0.633706 0.826563 0.0351562 0.025 0.0515625
0 0.642434 0.989844 0.0570313 0.0203125 0.0421875
0 0.702138 0.907812 0.660156 0.0875 0.217187
0 0.782667 0.96875 0.461719 0.05625 0.176563
0 0.99848 0.0851562 0.65 0.104687 0.2
0 0.350877 0.0705729 0.325926 0.141146 0.175926
0 0.36457 0.991667 0.0893519 0.0166667 0.0472222
0 0.369105 0.786198 0.037037 0.0369792 0.0425926
0 0.451758 0.616406 0.0356481 0.0578125 0.0638889
0 0.455125 0.674479 0.0361111 0.0666667 0.0611111
0 0.623919 0.864583 0.167593 0.0239583 0.05
0 0.659921 0.917708 0.0555556 0.0333333 0.037037
0 0.736745 0.957812 0.0361111 0.0375 0.0425926
0 0.785827 0.989323 0.0569444 0.0203125 0.0416667
0 0.79493 0.907031 0.657407 0.0901042 0.211111
0 0.829359 0.969531 0.4625 0.0578125 0.178704
0 0.837524 0.530469 0.148148 0.0348958 0.0907407
0 0.909612 0.826302 0.0356481 0.0265625 0.0527778
0 0.998783 0.0854167 0.651852 0.10625 0.194444
