0 0.369433 0.809375 0.569531 0.0625 0.114063
0 0.400396 0.359375 0.0164062 0.08125 0.0328125
0 0.448693 0.119531 0.0820312 0.0765625 0.0515625
0 0.471832 0.93125 0.278906 0.071875 0.0671875
0 0.490205 0.623438 0.0546875 0.021875 0.04375
0 0.493093 0.582031 0.0429688 0.0390625 0.0421875
0 0.523967 0.903125 0.716406 0.171875 0.239063
0 0.52905 0.935938 0.05 0.034375 0.0375
0 0.586904 0.930469 0.102344 0.0453125 0.0609375
0 0.641277 0.846875 0.325 0.0625 0.065625
0 0.74693 0.978125 0.134375 0.04375 0.04375
0 0.756823 0.758594 0.703906 0.0734375 0.135937
0 0.814929 0.8 0.0226563 0.03125 0.0390625
0 0.853264 0.417188 0.0679687 0.04375 0.0546875
0 0.854729 0.653906 0.0695312 0.0421875 0.0421875
0 0.864139 0.484375 0.0359375 0.0375 0.046875
0 0.87284 0.0898438 0.0414063 0.164062 0.0796875
0 0.945374 0.380469 0.66875 0.173438 0.159375
0 0.969743 0.701563 0.0445312 0.05625 0.0640625
0 0.353662 0.109896 0.148148 0.0666667 0.0703704
0 0.371162 0.359375 0.0162037 0.0760417 0.0324074
0 0.37319 0.746354 0.230556 0.0520833 0.0592593
0 0.377771 0.0348958 0.0717593 0.0604167 0.0546296
0 0.378982 0.247656 0.464352 0.168229 0.165741
0 0.431221 0.904167 0.0439815 0.0333333 0.0416667
0 0.439323 0.0703125 0.0708333 0.078125 0.0546296
0 0.443408 0.582292 0.0421296 0.0385417 0.0435185
0 0.472368 0.847396 0.327778 0.0604167 0.0666667
0 0.48534 0.383594 0.0564815 0.0317708 0.0407407
0 0.490531 0.14401 0.0347222 0.0734375 0.0694444
0 0.560761 0.807552 0.571759 0.0598958 0.117593
0 0.630869 0.121875 0.0824074 0.06875 0.0555556
0 0.656087 0.904167 0.717593 0.161458 0.233333
0 0.676921 0.233333 0.10787 0.025 0.0453704
0 0.680702 0.622917 0.0555556 0.0208333 0.0444444
0 0.714748 0.932552 0.279167 0.0692708 0.0675926
0 0.721005 0.747656 0.0435185 0.0276042 0.037037
0 0.816087 0.80026 0.0217593 0.0317708 0.0398148
0 0.845572 0.930208 0.101852 0.04375 0.062963
0 0.865463 0.0888021 0.0407407 0.150521 0.0796296
0 0.88657 0.484635 0.0356481 0.0380208 0.0583333
0 0.891386 0.935938 0.049537 0.0354167 0.0398148
0 0.900391 0.977604 0.128704 0.0447917 0.0592593
0 0.929704 0.649479 0.0689815 0.0385417 0.0453704
0 0.940116 0.417969 0.0685185 0.0421875 0.0555556
0 0.9557 0.758854 0.704167 0.0666667 0.128704
0 0.971814 0.701563 0.0439815 0.0552083 0.0638889
0 0.9832 0.379167 0.671759 0.173958 0.158333
