0 0.351423 0.640625 0.0820312 0.0375 0.0390625
0 0.354866 0.410937 0.0710938 0.0625 0.0546875
0 0.373087 0.065625 0.149219 0.078125 0.110937
0 0.416393 0.9375 0.117188 0.1 0.1
0 0.438912 0.464844 0.139062 0.0640625 0.0625
0 0.442421 0.705469 0.0820312 0.0296875 0.0421875
0 0.477848 0.179688 0.0414063 0.065625 0.0796875
0 0.477875 0.904688 0.232812 0.04375 0.059375
0 0.535683 0.0429688 0.0171875 0.0859375 0.034375
0 0.55169 0.476562 0.0898438 0.034375 0.0359375
0 0.590424 0.176563 0.536719 0.175 0.182812
0 0.616316 0.730469 0.146094 0.0671875 0.0546875
0 0.649084 0.927344 0.26875 0.0578125 0.0625
0 0.649697 0.829687 0.0351562 0.06875 0.0671875
0 0.676915 0.889063 0.853125 0.065625 0.16875
0 0.677312 0.173438 0.375781 0.196875 0.110937
0 0.683642 0.335156 0.0171875 0.0921875 0.034375
0 0.713733 0.449219 0.0492188 0.0328125 0.0421875
0 0.751639 0.941406 0.621875 0.107813 0.11875
0 0.765941 0.246094 0.04375 0.107813 0.0875
0 0.822103 0.838281 0.114844 0.0328125 0.0890625
0 0.825838 0.742969 0.849219 0.0828125 0.145313
0 0.870836 0.534375 0.121094 0.021875 0.0421875
0 0.881716 0.692187 0.123438 0.05625 0.05625
0 0.891875 0.248437 0.139062 0.14375 0.1125
0 0.893468 0.516406 0.0546875 0.0390625 0.04375
0 0.937282 0.967188 0.0359375 0.065625 0.065625
0 0.962177 0.339844 0.285156 0.189063 0.164062
0 0.966075 0.588281 0.04375 0.0453125 0.06875
0 0.991714 0.398438 0.167969 0.1625 0.214062
0 0.384155 0.410937 0.108796 0.0333333 0.0361111
0 0.389147 0.641406 0.0819444 0.0359375 0.0416667
0 0.449323 0.465104 0.139352 0.0614583 0.0675926
0 0.470645 0.903906 0.23287 0.0411458 0.0583333
0 0.495012 0.954687 0.114352 0.0760417 0.102778
0 0.498704 0.705729 0.0819444 0.0291667 0.0453704
0 0.525803 0.889063 0.0949074 0.053125 0.0657407
0 0.571224 0.174479 0.376389 0.173958 0.115741
0 0.572431 0.065625 0.274074 0.0708333 0.062963
0 0.573552 0.179688 0.0416667 0.065625 0.0796296
0 0.590737 0.179167 0.540278 0.173958 0.186111
0 0.59091 0.0640625 0.148611 0.075 0.106481
0 0.59543 0.477604 0.0898148 0.0322917 0.037037
0 0.617574 0.83099 0.0342593 0.0651042 0.0685185
0 0.621166 0.940885 0.621296 0.107813 0.111111
0 0.650235 0.899219 0.0574074 0.0223958 0.037037
0 0.653793 0.0416667 0.0175926 0.08125 0.0351852
0 0.676342 0.733333 0.852315 0.0729167 0.150926
0 0.681165 0.903646 0.83287 0.08125 0.14537
0 0.689755 0.403646 0.074537 0.0385417 0.0398148
0 0.722427 0.335677 0.0180556 0.0848958 0.0361111
0 0.782929 0.929427 0.26713 0.0598958 0.0638889
0 0.803918 0.174219 0.860648 0.263021 0.278704
0 0.80431 0.8375 0.115278 0.0333333 0.087963
0 0.85587 0.245573 0.0444444 0.105729 0.0888889
0 0.863993 0.73151 0.147222 0.0630208 0.0555556
0 0.873403 0.397396 0.168981 0.171875 0.243519
0 0.895744 0.44974 0.0490741 0.0317708 0.0425926
0 0.906561 0.339063 0.289352 0.183333 0.178704
0 0.91166 0.690625 0.123611 0.0552083 0.0564815
0 0.935056 0.250781 0.140278 0.141146 0.113889
0 0.939593 0.515885 0.0555556 0.0380208 0.0425926
0 0.970369 0.968229 0.0365741 0.0635417 0.0657407
0 0.971367 0.535156 0.120833 0.0223958 0.0435185
0 0.975321 0.588021 0.0439815 0.04375 0.0675926
