0 0.368797 0.727344 0.0609375 0.0640625 0.065625
0 0.374238 0.9125 0.295312 0.059375 0.065625
0 0.388439 0.221094 0.0171875 0.0421875 0.034375
0 0.412772 0.935156 0.175781 0.110937 0.0890625
0 0.431261 0.807031 0.122656 0.114063 0.114063
0 0.457294 0.652344 0.353125 0.107813 0.103125
0 0.486543 0.622656 0.128906 0.0359375 0.0390625
0 0.490334 0.0359375 0.117188 0.071875 0.10625
0 0.528632 0.491406 0.119531 0.110937 0.114063
0 0.539791 0.935938 0.248437 0.0625 0.053125
0 0.541197 0.600781 0.0226563 0.0640625 0.0453125
0 0.587643 0.325781 0.0359375 0.0796875 0.065625
0 0.621874 0.877344 0.135156 0.0390625 0.0671875
0 0.69221 0.723437 0.0203125 0.065625 0.040625
0 0.692946 0.486719 0.021875 0.0609375 0.04375
0 0.773559 0.427344 0.0226563 0.0703125 0.0453125
0 0.801001 0.403906 0.0960938 0.0796875 0.104687
0 0.889176 0.913281 0.763281 0.148438 0.254687
0 0.963432 0.595312 0.446875 0.24375 0.271875
0 0.975166 0.246094 0.741406 0.492188 0.517187
0 0.995488 0.932813 0.0570313 0.084375 0.0671875
0 0.361723 0.415365 0.649537 0.0546875 0.125
0 0.388745 0.491146 0.119907 0.107292 0.121296
0 0.402733 0.129948 0.0625 0.0286458 0.037963
0 0.407849 0.700781 0.0685185 0.0234375 0.0481481
0 0.414403 0.913281 0.29537 0.0567708 0.062963
0 0.441585 0.536458 0.160648 0.040625 0.062037
0 0.446742 0.935156 0.176852 0.106771 0.0925926
0 0.468109 0.203646 0.0935185 0.0625 0.0592593
0 0.491802 0.622656 0.127778 0.0359375 0.0407407
0 0.492548 0.377344 0.0171296 0.0328125 0.0342593
0 0.52931 0.603385 0.0828704 0.0244792 0.0509259
0 0.550479 0.822656 0.124074 0.0734375 0.125926
0 0.553523 0.665365 0.355093 0.0765625 0.102778
0 0.599393 0.600781 0.0231481 0.0640625 0.0462963
0 0.664119 0.220573 0.0171296 0.0390625 0.0342593
0 0.719218 0.490104 0.0194444 0.0375 0.0388889
0 0.755469 0.722396 0.0203704 0.0645833 0.0407407
0 0.809319 0.936198 0.248611 0.0598958 0.0527778
0 0.81336 0.32474 0.0361111 0.0776042 0.0685185
0 0.823072 0.427604 0.0226852 0.0697917 0.0453704
0 0.830933 0.878385 0.135648 0.0359375 0.0675926
0 0.90955 0.594792 0.443981 0.239583 0.312037
0 0.91893 0.405208 0.0981481 0.0802083 0.103704
0 0.95953 0.248958 0.738889 0.497917 0.522222
0 0.974367 0.911458 0.766667 0.155208 0.244444
0 0.995496 0.932552 0.0583333 0.0796875 0.0666667
