0 0.355505 0.430469 0.0929687 0.114063 0.132812
0 0.399931 0.994531 0.221094 0.0109375 0.0328125
0 0.475721 0.596094 0.246094 0.0296875 0.0484375
0 0.519059 0.614062 0.0484375 0.034375 0.040625
0 0.521427 0.384375 0.0203125 0.090625 0.040625
0 0.534509 0.595312 0.109375 0.034375 0.04375
0 0.613162 0.502344 0.0617188 0.0234375 0.0328125
0 0.636756 0.722656 0.225781 0.0578125 0.0578125
0 0.707115 0.811719 0.207031 0.0265625 0.0515625
0 0.719925 0.496094 0.0125 0.0296875 0.025
0 0.737636 0.744531 0.141406 0.0796875 0.104687
0 0.73953 0.897656 0.305469 0.0421875 0.0671875
0 0.82026 0.641406 0.05 0.0328125 0.06875
0 0.827722 0.667188 0.226562 0.0375 0.046875
0 0.889374 0.885156 0.135937 0.0203125 0.0375
0 0.89819 0.561719 0.0625 0.0234375 0.05
0 0.918229 0.978125 0.278906 0.04375 0.0453125
0 0.93708 0.825781 0.139844 0.0640625 0.0640625
0 0.952952 0.769531 0.0734375 0.0890625 0.06875
0 0.961801 0.865625 0.653125 0.215625 0.33125
0 0.978573 0.919531 0.242188 0.0328125 0.03125
0 0.989551 0.919531 0.20625 0.0359375 0.034375
0 0.991153 0.849219 0.285156 0.0578125 0.0578125
0 0.38351 0.32526 0.701389 0.261979 0.310185
0 0.405212 0.466146 0.0962963 0.0677083 0.109259
0 0.416767 0.99401 0.220833 0.0119792 0.0324074
0 0.426703 0.275 0.218056 0.125 0.147222
0 0.474752 0.863542 0.175 0.021875 0.0351852
0 0.48003 0.845833 0.193519 0.0302083 0.0388889
0 0.492262 0.690885 0.16713 0.0619792 0.0694444
0 0.590744 0.811198 0.20787 0.0296875 0.0527778
0 0.603719 0.721615 0.225 0.0557292 0.0574074
0 0.649262 0.385417 0.0208333 0.0927083 0.0416667
0 0.673015 0.897656 0.312037 0.0421875 0.0648148
0 0.721168 0.501562 0.0615741 0.021875 0.0324074
0 0.727248 0.496354 0.0125 0.0291667 0.025
0 0.850439 0.614583 0.0486111 0.0333333 0.037963
0 0.865499 0.74401 0.140741 0.0838542 0.105556
0 0.86772 0.642187 0.0490741 0.0302083 0.0703704
0 0.897026 0.595052 0.109259 0.0338542 0.0425926
0 0.905448 0.977604 0.279167 0.0447917 0.0453704
0 0.930412 0.885417 0.136111 0.0197917 0.037037
0 0.954502 0.561719 0.0625 0.0223958 0.0472222
0 0.958258 0.667188 0.225926 0.0395833 0.0462963
0 0.977652 0.82474 0.139815 0.0630208 0.062963
0 0.980751 0.76901 0.0736111 0.0901042 0.0675926
0 0.987664 0.869271 0.652778 0.232292 0.301852
0 0.991839 0.848698 0.284722 0.0567708 0.0583333
0 0.991996 0.91875 0.241667 0.0333333 0.0314815
0 0.995375 0.91875 0.205093 0.0354167 0.0324074
