0 0.366087 0.978125 0.161719 0.0375 0.0421875
0 0.374837 0.459375 0.905469 0.05 0.145313
0 0.38105 0.226562 0.0632813 0.021875 0.0484375
0 0.397577 0.436719 0.0335938 0.0640625 0.0671875
0 0.433589 0.278906 0.0117188 0.0484375 0.0234375
0 0.458362 0.115625 0.0296875 0.028125 0.05
0 0.498607 0.603125 0.944531 0.0375 0.110937
0 0.510305 0.0234375 0.0320312 0.046875 0.0640625
0 0.52035 0.4125 0.180469 0.028125 0.0421875
0 0.544688 0.590625 0.0398437 0.075 0.0640625
0 0.563159 0.346094 0.0289063 0.0421875 0.0390625
0 0.57998 0.747656 0.0296875 0.0421875 0.059375
0 0.636294 0.935156 0.434375 0.104687 0.109375
0 0.667524 0.199219 0.0476562 0.0234375 0.0453125
0 0.687544 0.811719 0.297656 0.0765625 0.0734375
0 0.6917 0.140625 0.283594 0.21875 0.239063
0 0.733068 0.9375 0.140625 0.04375 0.0375
0 0.810971 0.95 0.0890625 0.025 0.065625
0 0.88174 0.971094 0.0171875 0.0484375 0.034375
0 0.921264 0.142188 0.196094 0.121875 0.0984375
0 0.944775 0.849219 0.03125 0.0921875 0.0625
0 0.949682 0.124219 0.858594 0.248437 0.195312
0 0.994139 0.221875 0.758594 0.171875 0.189063
0 0.353307 0.653906 0.306019 0.0578125 0.108333
0 0.355541 0.798177 0.357407 0.0723958 0.105556
0 0.405949 0.114583 0.0300926 0.0270833 0.0509259
0 0.408358 0.747396 0.0300926 0.040625 0.0601852
0 0.425136 0.260417 0.05 0.0229167 0.0407407
0 0.4425 0.56849 0.0166667 0.0411458 0.0333333
0 0.445924 0.0229167 0.0314815 0.0427083 0.062963
0 0.446355 0.592448 0.0402778 0.0703125 0.062037
0 0.4963 0.602604 0.943981 0.0375 0.112037
0 0.552268 0.978125 0.162037 0.0375 0.0407407
0 0.654776 0.227344 0.0625 0.0213542 0.0490741
0 0.66868 0.936979 0.436111 0.104167 0.109259
0 0.689309 0.279948 0.012037 0.0473958 0.0240741
0 0.693217 0.252604 0.196759 0.0604167 0.0731481
0 0.724533 0.346094 0.024537 0.0432292 0.037963
0 0.770916 0.84974 0.0310185 0.0807292 0.062037
0 0.783378 0.938021 0.140741 0.0416667 0.0388889
0 0.806103 0.146875 0.284722 0.230208 0.206481
0 0.809938 0.4125 0.180556 0.028125 0.0425926
0 0.814764 0.951042 0.0888889 0.0260417 0.0648148
0 0.847246 0.811458 0.297685 0.071875 0.075
0 0.903795 0.199219 0.0486111 0.0234375 0.0453704
0 0.906551 0.970833 0.0175926 0.046875 0.0351852
0 0.943471 0.141406 0.196759 0.122396 0.0953704
0 0.972153 0.121094 0.861574 0.242188 0.191667
0 0.996847 0.221615 0.759259 0.166146 0.190741
