0 0.351541 0.479688 0.0851562 0.05625 0.0578125
0 0.373173 0.576563 0.0828125 0.046875 0.071875
0 0.393238 0.744531 0.171094 0.0796875 0.126563
0 0.470706 0.8 0.021875 0.0625 0.040625
0 0.562837 0.311719 0.101562 0.0296875 0.05
0 0.631504 0.828906 0.140625 0.117188 0.0875
0 0.709232 0.730469 0.034375 0.0734375 0.065625
0 0.710213 0.646094 0.611719 0.204688 0.392188
0 0.749997 0.535937 0.0390625 0.075 0.071875
0 0.850692 0.532812 0.146875 0.115625 0.11875
0 0.858272 0.686719 0.0179687 0.0421875 0.0359375
0 0.859092 0.954687 0.0367187 0.08125 0.0703125
0 0.90361 0.453906 0.0398437 0.0765625 0.0734375
0 0.915963 0.359375 0.05625 0.0375 0.04375
0 0.95649 0.95625 0.204688 0.084375 0.125
0 0.976551 0.127344 0.802344 0.235938 0.248437
0 0.35239 0.249479 0.037037 0.0666667 0.0666667
0 0.353542 0.201042 0.0175926 0.028125 0.0351852
0 0.359306 0.609896 0.606481 0.205208 0.416667
0 0.380376 0.404427 0.409259 0.0526042 0.137037
0 0.384508 0.0330729 0.114815 0.0661458 0.107407
0 0.41116 0.575521 0.0814815 0.046875 0.0703704
0 0.419733 0.352604 0.142593 0.0666667 0.105556
0 0.450403 0.744792 0.172222 0.078125 0.12037
0 0.462492 0.903646 0.0435185 0.0385417 0.0351852
0 0.479033 0.595833 0.634722 0.0333333 0.0972222
0 0.54182 0.910677 0.160648 0.0286458 0.0490741
0 0.624126 0.638281 0.0703704 0.0640625 0.103704
0 0.625815 0.516927 0.146296 0.119271 0.124074
0 0.632684 0.877083 0.140741 0.0375 0.0444444
0 0.703227 0.80599 0.0175926 0.0390625 0.0351852
0 0.775117 0.745052 0.511111 0.119271 0.112963
0 0.778572 0.73099 0.0347222 0.0692708 0.0638889
0 0.792861 0.3125 0.102778 0.0302083 0.05
0 0.793249 0.904427 0.4375 0.184896 0.225
0 0.876577 0.957031 0.0361111 0.0796875 0.0703704
0 0.879244 0.536198 0.0398148 0.0734375 0.0740741
0 0.910493 0.455469 0.0412037 0.0755208 0.075
0 0.918225 0.959115 0.20463 0.0796875 0.12037
0 0.932481 0.688021 0.0175926 0.0416667 0.0351852
0 0.944007 0.359635 0.0560185 0.0380208 0.0435185
0 0.966213 0.126302 0.801389 0.223438 0.249074
