0 0.422117 0.913281 0.414062 0.0671875 0.065625
0 0.444669 0.811719 0.107031 0.0328125 0.0359375
0 0.450988 0.742969 0.417969 0.0765625 0.0546875
0 0.472215 0.5125 0.06875 0.0625 0.05625
0 0.594026 0.827344 0.0703125 0.0203125 0.04375
0 0.612759 0.571875 0.108594 0.065625 0.0640625
0 0.646687 0.602344 0.164062 0.0546875 0.075
0 0.781715 0.829687 0.652344 0.13125 0.114063
0 0.9411 0.492969 0.141406 0.0609375 0.0515625
0 0.3937 0.642187 0.34537 0.03125 0.0703704
0 0.420205 0.914062 0.415278 0.0625 0.0657407
0 0.440554 0.74375 0.416204 0.071875 0.062037
0 0.440658 0.497917 0.27963 0.0375 0.0851852
0 0.459019 0.982292 0.246759 0.0354167 0.0675926
0 0.50299 0.891927 0.128704 0.0255208 0.0407407
0 0.538916 0.246094 0.203241 0.0619792 0.0583333
0 0.566398 0.574479 0.0990741 0.0666667 0.0685185
0 0.585284 0.515365 0.0875 0.0661458 0.0657407
0 0.782384 0.601562 0.160648 0.05 0.0694444
0 0.856006 0.829427 0.652315 0.133854 0.112037
0 0.875399 0.830208 0.0689815 0.0208333 0.0509259
0 0.940713 0.491927 0.142593 0.0578125 0.0537037
