0 0.400615 0.939062 0.45625 0.1125 0.23125
0 0.418039 0.0445312 0.0359375 0.0765625 0.071875
0 0.636966 0.439063 0.7125 0.1375 0.225
0 0.642926 0.325781 0.171094 0.164062 0.107813
0 0.676907 0.692187 0.333594 0.196875 0.210938
0 0.861105 0.357812 0.0695312 0.13125 0.0984375
0 0.963222 0.334375 0.557031 0.20625 0.201562
0 0.976083 0.802344 0.824219 0.364062 0.342187
0 0.391 0.601823 0.406019 0.193229 0.200926
0 0.430534 0.436719 0.715741 0.142188 0.22963
0 0.469772 0.940365 0.482407 0.118229 0.205556
0 0.593342 0.0447917 0.0351852 0.0739583 0.0703704
0 0.93392 0.327083 0.173611 0.157292 0.108333
0 0.941582 0.358594 0.0699074 0.121354 0.102778
0 0.944563 0.336458 0.55463 0.19375 0.216667
0 0.992111 0.802865 0.822685 0.360938 0.347222
