0 0.363996 0.610156 0.253125 0.0234375 0.040625
0 0.367225 0.0367187 0.478125 0.0640625 0.065625
0 0.375988 0.432813 0.194531 0.021875 0.0453125
0 0.378405 0.954687 0.484375 0.0875 0.1
0 0.388837 0.713281 0.2875 0.0234375 0.034375
0 0.391638 0.352344 0.285156 0.0453125 0.0734375
0 0.413362 0.732031 0.305469 0.0203125 0.0390625
0 0.416134 0.15 0.513281 0.06875 0.0734375
0 0.426573 0.719531 0.43125 0.0453125 0.03125
0 0.482987 0.6625 0.273438 0.040625 0.040625
0 0.503061 0.614844 0.803906 0.0796875 0.135937
0 0.504172 0.090625 0.324219 0.059375 0.0609375
0 0.533976 0.591406 0.863281 0.110937 0.201562
0 0.538712 0.574219 0.232812 0.0328125 0.0375
0 0.596654 0.482812 0.364844 0.0375 0.0703125
0 0.61393 0.672656 0.383594 0.0328125 0.0421875
0 0.617565 0.45625 0.923437 0.184375 0.146875
0 0.642012 0.767969 0.509375 0.0265625 0.040625
0 0.714303 0.204688 0.54375 0.078125 0.075
0 0.715052 0.885938 0.521875 0.04375 0.040625
0 0.7539 0.835938 0.4625 0.065625 0.06875
0 0.779103 0.150781 0.710156 0.129688 0.185937
0 0.800364 0.660937 0.3375 0.025 0.034375
0 0.811856 0.0484375 0.6625 0.096875 0.203125
0 0.8323 0.754687 0.280469 0.03125 0.0390625
0 0.849047 0.476562 0.20625 0.028125 0.04375
0 0.893116 0.325 0.50625 0.1125 0.1
0 0.922893 0.791406 0.360156 0.0234375 0.0484375
0 0.933307 0.714844 0.405469 0.0296875 0.0296875
0 0.94265 0.78125 0.252344 0.04375 0.0390625
0 0.994078 0.914062 0.326562 0.128125 0.109375
0 0.995833 0.251563 0.888281 0.15 0.198437
0 0.354605 0.694531 0.385185 0.0182292 0.0481481
0 0.355711 0.504167 0.410648 0.0354167 0.0398148
0 0.376693 0.503125 0.292593 0.0364583 0.062963
0 0.381595 0.772396 0.465278 0.059375 0.0712963
0 0.386547 0.88151 0.568519 0.0744792 0.0703704
0 0.38656 0.239583 0.273611 0.0395833 0.0601852
0 0.399774 0.897396 0.365278 0.0302083 0.0361111
0 0.405371 0.589583 0.213426 0.025 0.0472222
0 0.430024 0.699219 0.247685 0.0223958 0.0416667
0 0.43195 0.517969 0.240278 0.0296875 0.0361111
0 0.445572 0.720052 0.432407 0.0442708 0.0333333
0 0.45433 0.594271 0.868519 0.115625 0.196296
0 0.455849 0.418229 0.227778 0.046875 0.0685185
0 0.488063 0.613281 0.252315 0.0223958 0.0416667
0 0.489961 0.667188 0.278704 0.0333333 0.0388889
0 0.504934 0.628385 0.352778 0.0161458 0.0240741
0 0.514561 0.713802 0.286574 0.0223958 0.0342593
0 0.520229 0.57474 0.233333 0.0328125 0.0388889
0 0.533554 0.15026 0.513889 0.0609375 0.0740741
0 0.537266 0.731771 0.305556 0.0197917 0.0407407
0 0.557813 0.7 0.359259 0.0145833 0.0314815
0 0.567901 0.352344 0.285648 0.0421875 0.0712963
0 0.583348 0.614323 0.802778 0.0765625 0.133333
0 0.62679 0.0916667 0.325926 0.0572917 0.0592593
0 0.627572 0.835677 0.4625 0.0640625 0.0657407
0 0.649033 0.886198 0.522222 0.0432292 0.0407407
0 0.661906 0.326302 0.50463 0.108854 0.107407
0 0.717538 0.768229 0.510185 0.0270833 0.037037
0 0.729546 0.150781 0.709259 0.129688 0.177778
0 0.730529 0.260677 0.19537 0.0286458 0.0314815
0 0.732761 0.457031 0.925463 0.184896 0.143519
0 0.734934 0.432292 0.193981 0.0208333 0.0435185
0 0.747521 0.483594 0.365741 0.0359375 0.0685185
0 0.822277 0.205729 0.543056 0.0822917 0.0787037
0 0.837141 0.669531 0.380093 0.0265625 0.037963
0 0.861849 0.0494792 0.662963 0.0989583 0.196296
0 0.867968 0.754427 0.280093 0.0307292 0.0398148
0 0.93291 0.660937 0.337963 0.0260417 0.0351852
0 0.942254 0.476302 0.207407 0.0255208 0.0444444
0 0.949962 0.790885 0.360185 0.0223958 0.0481481
0 0.967801 0.784896 0.252778 0.0416667 0.0333333
0 0.975253 0.713802 0.406481 0.0317708 0.0296296
0 0.995138 0.252865 0.888889 0.148438 0.196296
0 0.996874 0.913281 0.326852 0.127604 0.107407
