0 0.370964 0.278125 0.0296875 0.025 0.046875
0 0.382998 0.792969 0.167187 0.0265625 0.046875
0 0.386032 0.705469 0.54375 0.0546875 0.128125
0 0.391383 0.75625 0.511719 0.059375 0.132812
0 0.428204 0.510938 0.102344 0.028125 0.0484375
0 0.439636 0.8375 0.153906 0.034375 0.0359375
0 0.469726 0.0648438 0.275 0.0734375 0.071875
0 0.470993 0.332031 0.0164062 0.0296875 0.0328125
0 0.494157 0.544531 0.0742188 0.0578125 0.0546875
0 0.498202 0.648438 0.59375 0.084375 0.115625
0 0.507372 0.11875 0.142188 0.05625 0.0625
0 0.507688 0.113281 0.015625 0.0296875 0.03125
0 0.536387 0.900781 0.267969 0.0609375 0.0671875
0 0.570949 0.870313 0.542969 0.046875 0.0828125
0 0.590907 0.942969 0.71875 0.101562 0.13125
0 0.59769 0.702344 0.865625 0.0296875 0.10625
0 0.62071 0.969531 0.410156 0.0546875 0.135937
0 0.64302 0.514844 0.0367187 0.0265625 0.0484375
0 0.6543 0.903906 0.397656 0.0203125 0.0796875
0 0.668815 0.740625 0.175781 0.040625 0.0421875
0 0.693031 0.84375 0.325781 0.040625 0.0640625
0 0.700532 0.299219 0.46875 0.0578125 0.06875
0 0.732895 0.650781 0.0765625 0.0234375 0.034375
0 0.767971 0.909375 0.319531 0.025 0.0328125
0 0.768577 0.798437 0.457031 0.071875 0.114063
0 0.774618 0.858594 0.273438 0.0296875 0.05
0 0.827732 0.915625 0.939062 0.103125 0.121875
0 0.842175 0.588281 0.0421875 0.0265625 0.03125
0 0.848813 0.917969 0.558594 0.0640625 0.0640625
0 0.858691 0.463281 0.015625 0.0296875 0.03125
0 0.864558 0.7 0.107813 0.025 0.034375
0 0.877657 0.35625 0.727344 0.06875 0.101562
0 0.886281 0.844531 0.20625 0.0296875 0.040625
0 0.891307 0.839844 0.608594 0.0296875 0.0828125
0 0.921045 0.065625 0.0828125 0.0625 0.059375
0 0.929623 0.91875 0.371094 0.025 0.0390625
0 0.934632 0.608594 0.0625 0.0265625 0.0375
0 0.94456 0.753125 0.128125 0.0375 0.040625
0 0.982228 0.794531 0.757031 0.110937 0.201562
0 0.353083 0.805208 0.375463 0.0625 0.126852
0 0.356909 0.820052 0.502315 0.0348958 0.0472222
0 0.375408 0.661458 0.875926 0.0916667 0.205556
0 0.377658 0.871094 0.54213 0.0473958 0.0824074
0 0.381768 0.589063 0.65463 0.0416667 0.0703704
0 0.394859 0.332292 0.0166667 0.0333333 0.0333333
0 0.40843 0.878906 0.443519 0.0317708 0.0444444
0 0.411491 0.614583 0.292593 0.0322917 0.0759259
0 0.418828 0.708594 0.247222 0.0203125 0.0518519
0 0.426413 0.277865 0.0300926 0.0276042 0.0472222
0 0.466517 0.509896 0.102315 0.028125 0.0509259
0 0.470271 0.713802 0.555556 0.0421875 0.0851852
0 0.515366 0.754427 0.227315 0.0265625 0.0398148
0 0.517436 0.977083 0.431019 0.0458333 0.137963
0 0.52284 0.430208 0.575463 0.0291667 0.0916667
0 0.533742 0.384896 0.0819444 0.0354167 0.0787037
0 0.543505 0.0338542 0.146296 0.05625 0.0611111
0 0.570479 0.756771 0.512037 0.0572917 0.133333
0 0.588122 0.669271 0.141667 0.0302083 0.037037
0 0.595824 0.915365 0.938889 0.0984375 0.122222
0 0.605291 0.93151 0.628704 0.0453125 0.062963
0 0.606442 0.838281 0.153704 0.0359375 0.0388889
0 0.609292 0.110156 0.0152778 0.0255208 0.0305556
0 0.61064 0.0669271 0.271759 0.0692708 0.100926
0 0.630866 0.904427 0.404167 0.0182292 0.0583333
0 0.632726 0.121875 0.135185 0.0447917 0.0611111
0 0.688051 0.616146 0.102778 0.03125 0.0351852
0 0.691413 0.299219 0.468519 0.0557292 0.0685185
0 0.700605 0.94375 0.718982 0.0979167 0.126852
0 0.703569 0.64974 0.592593 0.0796875 0.12037
0 0.711185 0.515365 0.0361111 0.0265625 0.0481481
0 0.712855 0.545313 0.074537 0.05625 0.0564815
0 0.733388 0.79349 0.167593 0.0255208 0.0462963
0 0.735293 0.898698 0.260185 0.0453125 0.0648148
0 0.795418 0.740625 0.175463 0.040625 0.0416667
0 0.804768 0.65026 0.0763889 0.0223958 0.0324074
0 0.83905 0.839583 0.325463 0.034375 0.0657407
0 0.850158 0.839583 0.60787 0.03125 0.0787037
0 0.86082 0.463802 0.0166667 0.0276042 0.0314815
0 0.876514 0.797135 0.456019 0.0661458 0.117593
0 0.904499 0.859896 0.278704 0.0302083 0.0481481
0 0.909542 0.909375 0.319444 0.025 0.0314815
0 0.911602 0.35651 0.725926 0.0703125 0.1
0 0.915622 0.701042 0.106944 0.0229167 0.0361111
0 0.918915 0.588281 0.0425926 0.0255208 0.0333333
0 0.924683 0.917969 0.558333 0.0661458 0.0666667
0 0.963343 0.609115 0.062037 0.0265625 0.0388889
0 0.970002 0.752865 0.122685 0.0338542 0.0435185
0 0.972905 0.0666667 0.0833333 0.0604167 0.062963
0 0.973767 0.84401 0.206019 0.0286458 0.0435185
0 0.987307 0.918229 0.371296 0.025 0.0388889
0 0.990824 0.794271 0.758333 0.111458 0.198148
