0 0.373253 0.254687 0.333594 0.128125 0.114063
0 0.423338 0.491406 0.174219 0.0609375 0.0703125
0 0.54614 0.492969 0.282031 0.0765625 0.117188
0 0.551952 0.408594 0.0164062 0.0828125 0.0328125
0 0.584806 0.065625 0.0210938 0.078125 0.0359375
0 0.597749 0.116406 0.282813 0.132812 0.115625
0 0.668766 0.965625 0.309375 0.06875 0.1125
0 0.796138 0.411719 0.0664062 0.104687 0.0984375
0 0.863901 0.503906 0.0820312 0.198437 0.164062
0 0.914632 0.703125 0.248437 0.1375 0.115625
0 0.963306 0.0992187 0.0976562 0.117188 0.0828125
0 0.980215 0.140625 0.05625 0.04375 0.040625
0 0.985414 0.745313 0.0460938 0.178125 0.0921875
0 0.994948 0.310156 0.0867188 0.129688 0.114063
0 0.374722 0.592188 0.48287 0.075 0.113889
0 0.383414 0.253125 0.227315 0.025 0.0324074
0 0.396646 0.11849 0.282407 0.129688 0.118519
0 0.487951 0.779427 0.101852 0.0328125 0.0444444
0 0.505397 0.409115 0.0175926 0.0755208 0.0351852
0 0.521214 0.0653646 0.0212963 0.0786458 0.037037
0 0.561386 0.495833 0.295833 0.0729167 0.126852
0 0.631128 0.494271 0.171759 0.0583333 0.0712963
0 0.674518 0.410677 0.0671296 0.100521 0.100926
0 0.752824 0.500781 0.0824074 0.186979 0.164815
0 0.757446 0.967188 0.310185 0.065625 0.107407
0 0.891075 0.701823 0.249074 0.119271 0.111111
0 0.963932 0.0986979 0.0986111 0.114063 0.0805556
0 0.967218 0.729688 0.0467593 0.163542 0.0898148
0 0.986145 0.140104 0.0560185 0.0427083 0.0416667
0 0.987931 0.309635 0.0875 0.124479 0.108333
