0 0.363623 0.753125 0.115625 0.028125 0.04375
0 0.451386 0.566406 0.861719 0.135937 0.129688
0 0.46555 0.903125 0.121875 0.028125 0.040625
0 0.483384 0.978906 0.286719 0.0328125 0.0421875
0 0.590305 0.7375 0.0289063 0.01875 0.0421875
0 0.632732 0.54375 0.200781 0.03125 0.0421875
0 0.633436 0.145313 0.0570313 0.06875 0.0578125
0 0.7682 0.935938 0.488281 0.075 0.142188
0 0.803492 0.982813 0.207031 0.034375 0.0671875
0 0.812883 0.971094 0.440625 0.0578125 0.078125
0 0.83081 0.76875 0.763281 0.25625 0.376563
0 0.87144 0.932031 0.325781 0.0546875 0.0546875
0 0.875364 0.98125 0.345313 0.0375 0.08125
0 0.8769 0.879687 0.254687 0.025 0.046875
0 0.94334 0.9125 0.254687 0.034375 0.065625
0 0.990922 0.882031 0.363281 0.0578125 0.0734375
0 0.354192 0.438021 0.154167 0.0395833 0.0712963
0 0.362674 0.961719 0.234259 0.0171875 0.0296296
0 0.374804 0.0554687 0.0555556 0.0338542 0.0351852
0 0.379028 0.371875 0.0560185 0.040625 0.0657407
0 0.38559 0.21875 0.0222222 0.0291667 0.0314815
0 0.396362 0.305729 0.186111 0.0302083 0.0555556
0 0.407687 0.201302 0.0768519 0.0255208 0.0462963
0 0.411431 0.136198 0.110185 0.0296875 0.0444444
0 0.41792 0.857813 0.194907 0.0208333 0.0472222
0 0.435385 0.319792 0.0685185 0.03125 0.0351852
0 0.460094 0.502865 0.200463 0.0338542 0.0453704
0 0.464706 0.653646 0.0171296 0.0416667 0.0342593
0 0.467551 0.952604 0.306019 0.0270833 0.0398148
0 0.505535 0.345052 0.0162037 0.0265625 0.0305556
0 0.515059 0.285937 0.114815 0.0364583 0.0462963
0 0.532877 0.48724 0.0384259 0.0609375 0.062037
0 0.554211 0.226302 0.338426 0.0453125 0.0805556
0 0.574046 0.903125 0.121759 0.0260417 0.0435185
0 0.588197 0.753385 0.116204 0.0276042 0.0416667
0 0.665066 0.978125 0.292593 0.028125 0.0444444
0 0.679606 0.331771 0.273148 0.0270833 0.0796296
0 0.682802 0.941146 0.512037 0.0708333 0.162963
0 0.70376 0.738542 0.0296296 0.0177083 0.0425926
0 0.72416 0.547917 0.2 0.034375 0.0444444
0 0.778356 0.975521 0.443981 0.0489583 0.0842593
0 0.831085 0.978385 0.344907 0.0432292 0.0805556
0 0.838505 0.93125 0.326389 0.0541667 0.0564815
0 0.843787 0.982813 0.206944 0.034375 0.0657407
0 0.887543 0.772396 0.76713 0.239583 0.347222
0 0.902558 0.144271 0.0481481 0.065625 0.062963
0 0.916593 0.879687 0.253704 0.025 0.0462963
0 0.963157 0.911979 0.253704 0.0354167 0.0666667
0 0.993495 0.882031 0.3625 0.0578125 0.0731481
