0 0.353444 0.754687 0.29375 0.021875 0.034375
0 0.375617 0.66875 0.44375 0.028125 0.09375
0 0.379544 0.746094 0.660937 0.0484375 0.075
0 0.389892 0.933594 0.592188 0.0796875 0.125
0 0.412654 0.819531 0.305469 0.0265625 0.0390625
0 0.442628 0.6875 0.260938 0.040625 0.065625
0 0.484243 0.714844 0.253906 0.0296875 0.0421875
0 0.486606 0.582812 0.0617188 0.0375 0.0703125
0 0.50096 0.81875 0.339063 0.034375 0.071875
0 0.539584 0.713281 0.752344 0.0421875 0.0953125
0 0.567598 0.647656 0.207813 0.0265625 0.046875
0 0.580344 0.714844 0.0492188 0.0265625 0.0421875
0 0.623556 0.760156 0.234375 0.0203125 0.046875
0 0.647068 0.635156 0.147656 0.0234375 0.0703125
0 0.649787 0.827344 0.234375 0.0234375 0.034375
0 0.668432 0.980469 0.853125 0.0390625 0.15
0 0.66845 0.721094 0.108594 0.0265625 0.0390625
0 0.67854 0.486719 0.034375 0.0734375 0.06875
0 0.725111 0.910156 0.46875 0.0265625 0.046875
0 0.746221 0.791406 0.260156 0.0203125 0.0484375
0 0.749531 0.648438 0.0554687 0.028125 0.0421875
0 0.749538 0.728906 0.201562 0.0328125 0.034375
0 0.757248 0.864062 0.253125 0.021875 0.053125
0 0.806443 0.675 0.133594 0.021875 0.0484375
0 0.810295 0.890625 0.311719 0.040625 0.0703125
0 0.858495 0.960156 0.596875 0.0703125 0.109375
0 0.860446 0.814062 0.694531 0.04375 0.0578125
0 0.873212 0.824219 0.858594 0.0921875 0.201562
0 0.874561 0.896094 0.2 0.0171875 0.05
0 0.876911 0.826563 0.1875 0.028125 0.053125
0 0.891859 0.913281 0.828906 0.0734375 0.164062
0 0.910935 0.905469 0.366406 0.0234375 0.0390625
0 0.912634 0.940625 0.483594 0.053125 0.0734375
0 0.927155 0.746875 0.934375 0.128125 0.13125
0 0.95348 0.799219 0.200781 0.0328125 0.0453125
0 0.986063 0.903906 0.417188 0.0359375 0.040625
0 0.990031 0.940625 0.650781 0.075 0.0734375
0 0.358894 0.732031 0.338426 0.0286458 0.0453704
0 0.36422 0.442708 0.599074 0.242708 0.387037
0 0.378855 0.583854 0.194444 0.0239583 0.05
0 0.382463 0.819531 0.338889 0.0328125 0.0685185
0 0.385976 0.734115 0.253241 0.0244792 0.0342593
0 0.418583 0.820052 0.306019 0.0265625 0.037963
0 0.430832 0.615365 0.22037 0.0390625 0.0666667
0 0.431394 0.791667 0.48287 0.0322917 0.0731481
0 0.50914 0.878906 0.457407 0.0348958 0.037037
0 0.510373 0.668229 0.443981 0.028125 0.087963
0 0.567955 0.917448 0.585185 0.0557292 0.116667
0 0.572893 0.686979 0.260185 0.0364583 0.0648148
0 0.588733 0.760417 0.239352 0.021875 0.0527778
0 0.595302 0.48724 0.0356481 0.0713542 0.0675926
0 0.621182 0.754948 0.293981 0.0203125 0.0342593
0 0.651005 0.582812 0.0625 0.0364583 0.0694444
0 0.673963 0.648698 0.0550926 0.0265625 0.0435185
0 0.675397 0.979948 0.854167 0.0380208 0.152778
0 0.717639 0.715625 0.0490741 0.025 0.0444444
0 0.74826 0.713802 0.752778 0.0390625 0.0907407
0 0.754708 0.829948 0.238889 0.0255208 0.037037
0 0.771709 0.747135 0.934259 0.113021 0.125926
0 0.775564 0.647917 0.207407 0.025 0.0462963
0 0.802912 0.715365 0.255093 0.0276042 0.0416667
0 0.816134 0.960677 0.596296 0.0671875 0.109259
0 0.819802 0.9125 0.828241 0.0708333 0.158333
0 0.84072 0.909896 0.468981 0.025 0.0472222
0 0.844828 0.635938 0.148611 0.0239583 0.0712963
0 0.847448 0.864062 0.254167 0.0229167 0.0527778
0 0.84841 0.721875 0.109259 0.0260417 0.0425926
0 0.863428 0.791146 0.260648 0.0197917 0.0490741
0 0.883341 0.890885 0.3125 0.0390625 0.0675926
0 0.887149 0.826042 0.85787 0.090625 0.191667
0 0.901889 0.813542 0.693981 0.0447917 0.0564815
0 0.90817 0.67526 0.134259 0.0223958 0.0481481
0 0.90856 0.728385 0.205556 0.0328125 0.0333333
0 0.948698 0.896875 0.199537 0.0177083 0.0490741
0 0.951266 0.826823 0.187963 0.0276042 0.0555556
0 0.953257 0.941927 0.484259 0.0515625 0.0722222
0 0.958458 0.904948 0.36713 0.0234375 0.037963
0 0.972483 0.799479 0.200926 0.03125 0.0462963
0 0.989824 0.940625 0.651389 0.0760417 0.0731481
0 0.994151 0.903125 0.41713 0.0364583 0.0416667
