0 0.352258 0.908594 0.542188 0.110937 0.115625
0 0.363243 0.503906 0.0632813 0.0359375 0.0390625
0 0.374158 0.482812 0.0890625 0.04375 0.059375
0 0.400544 0.691406 0.590625 0.104687 0.11875
0 0.417539 0.635156 0.817969 0.0453125 0.0578125
0 0.418592 0.964063 0.334375 0.065625 0.071875
0 0.438144 0.985156 0.509375 0.0296875 0.146875
0 0.526083 0.7875 0.101562 0.046875 0.05625
0 0.534066 0.30625 0.0164062 0.03125 0.0328125
0 0.564693 0.221875 0.19375 0.0625 0.075
0 0.605803 0.876562 0.133594 0.03125 0.0359375
0 0.620545 0.43125 0.0585938 0.05625 0.0515625
0 0.641244 0.16875 0.139844 0.05625 0.0703125
0 0.646738 0.924219 0.200781 0.0484375 0.0578125
0 0.691381 0.539844 0.142969 0.0578125 0.0609375
0 0.695987 0.825781 0.479688 0.117188 0.109375
0 0.739697 0.96875 0.214062 0.021875 0.05625
0 0.857629 0.252344 0.603125 0.229687 0.209375
0 0.859783 0.359375 0.5625 0.1375 0.134375
0 0.88201 0.739062 0.0414063 0.034375 0.0640625
0 0.882305 0.0679687 0.0421875 0.0640625 0.071875
0 0.897111 0.663281 0.358594 0.126563 0.135937
0 0.906995 0.166406 0.03125 0.0859375 0.0625
0 0.982248 0.694531 0.0992187 0.104687 0.104687
0 0.356566 0.588542 0.240278 0.028125 0.0453704
0 0.369591 0.483333 0.0893519 0.0427083 0.062037
0 0.372728 0.82474 0.47963 0.114063 0.112963
0 0.378908 0.776823 0.334722 0.0682292 0.0546296
0 0.386301 0.931771 0.538889 0.0666667 0.12037
0 0.389318 0.226562 0.35463 0.0666667 0.105556
0 0.489228 0.719531 0.189352 0.0640625 0.0564815
0 0.520124 0.873177 0.133796 0.0296875 0.037963
0 0.521893 0.504687 0.0634259 0.0333333 0.037963
0 0.52761 0.503646 0.239352 0.021875 0.0453704
0 0.540036 0.984896 0.509722 0.0291667 0.134259
0 0.635692 0.169271 0.140278 0.0552083 0.0712963
0 0.640083 0.30625 0.0166667 0.0302083 0.0333333
0 0.669106 0.797396 0.0689815 0.0166667 0.0305556
0 0.670971 0.924219 0.200926 0.0484375 0.0592593
0 0.672948 0.963542 0.334722 0.0625 0.0712963
0 0.674818 0.43099 0.0578704 0.0557292 0.0546296
0 0.701381 0.91849 0.0949074 0.0203125 0.0546296
0 0.723108 0.786719 0.102315 0.0453125 0.0453704
0 0.770118 0.221615 0.194907 0.0661458 0.075
0 0.810496 0.663021 0.359259 0.114583 0.146296
0 0.828546 0.541406 0.145833 0.0557292 0.062037
0 0.836513 0.277865 0.605093 0.258854 0.200926
0 0.863319 0.16875 0.0319444 0.08125 0.0638889
0 0.863717 0.969531 0.2125 0.0234375 0.0546296
0 0.870935 0.358073 0.559722 0.136979 0.128704
0 0.945206 0.739323 0.0425926 0.0359375 0.062963
0 0.951308 0.0697917 0.0430556 0.059375 0.0731481
0 0.991103 0.694271 0.099537 0.104167 0.108333
