0 0.382042 0.8 0.595312 0.059375 0.078125
0 0.419305 0.780469 0.907031 0.0671875 0.139062
0 0.444187 0.641406 0.167969 0.0265625 0.0515625
0 0.454246 0.5625 0.0632813 0.015625 0.0359375
0 0.46886 0.865625 0.270312 0.05625 0.06875
0 0.491932 0.660156 0.129688 0.0234375 0.046875
0 0.499171 0.9625 0.291406 0.025 0.0296875
0 0.525388 0.982813 0.491406 0.028125 0.0421875
0 0.569688 0.0882813 0.114844 0.0453125 0.0359375
0 0.599929 0.967188 0.3625 0.0625 0.059375
0 0.600015 0.975781 0.325 0.0296875 0.040625
0 0.605332 0.502344 0.0304688 0.0234375 0.0390625
0 0.639797 0.159375 0.0757812 0.034375 0.0453125
0 0.642386 0.95 0.575 0.0375 0.071875
0 0.644755 0.503906 0.634375 0.0453125 0.06875
0 0.66967 0.874219 0.714063 0.210938 0.325
0 0.697171 0.961719 0.43125 0.0703125 0.065625
0 0.722492 0.0554687 0.0296875 0.0421875 0.059375
0 0.755985 0.2 0.0757812 0.04375 0.0671875
0 0.789781 0.258594 0.0226563 0.0421875 0.0453125
0 0.845341 0.960156 0.642187 0.0765625 0.1125
0 0.912765 0.990625 0.273438 0.01875 0.046875
0 0.913952 0.848437 0.1375 0.05625 0.0625
0 0.921036 0.489844 0.560156 0.192188 0.192188
0 0.353332 0.596094 0.246759 0.0338542 0.0805556
0 0.355236 0.932813 0.434722 0.0625 0.0675926
0 0.361256 0.70625 0.274537 0.05625 0.10463
0 0.362455 0.69349 0.351852 0.0432292 0.0833333
0 0.373143 0.666146 0.0685185 0.015625 0.0333333
0 0.378346 0.0882813 0.115278 0.0453125 0.0361111
0 0.379474 0.905208 0.621296 0.0385417 0.0907407
0 0.379577 0.726302 0.122222 0.0265625 0.0388889
0 0.38539 0.767187 0.720833 0.103125 0.212037
0 0.391154 0.635677 0.0888889 0.0171875 0.0296296
0 0.396092 0.767708 0.05 0.0197917 0.0388889
0 0.405685 0.865625 0.269907 0.059375 0.0694444
0 0.417593 0.32526 0.0175926 0.0296875 0.0333333
0 0.421814 0.56224 0.062963 0.0182292 0.0425926
0 0.449433 0.858333 0.330556 0.0645833 0.0666667
0 0.474181 0.958333 0.134259 0.0197917 0.0407407
0 0.484449 0.0502604 0.41713 0.0453125 0.0694444
0 0.553305 0.305208 0.255556 0.0614583 0.0759259
0 0.570372 0.966667 0.363426 0.0583333 0.0564815
0 0.592197 0.96224 0.291667 0.0244792 0.0296296
0 0.610283 0.963021 0.430093 0.071875 0.0694444
0 0.634742 0.488021 0.557407 0.186458 0.187037
0 0.663636 0.642187 0.168519 0.0270833 0.0537037
0 0.676812 0.781771 0.909259 0.0666667 0.144444
0 0.692235 0.875781 0.713889 0.220313 0.316667
0 0.708033 0.659896 0.129167 0.0229167 0.0472222
0 0.730338 0.159635 0.0759259 0.0328125 0.0462963
0 0.770999 0.0552083 0.0296296 0.0416667 0.0592593
0 0.780781 0.975781 0.324074 0.0286458 0.0388889
0 0.797902 0.501562 0.0300926 0.0208333 0.0435185
0 0.800759 0.94974 0.575 0.0359375 0.0722222
0 0.805155 0.259635 0.0231481 0.0411458 0.0462963
0 0.825452 0.983333 0.491204 0.0270833 0.0416667
0 0.83651 0.200521 0.075463 0.0447917 0.0712963
0 0.853788 0.959635 0.641667 0.0765625 0.109259
0 0.913442 0.503646 0.635648 0.0447917 0.0675926
0 0.915173 0.991146 0.273148 0.0177083 0.05
0 0.919585 0.84974 0.136574 0.0546875 0.062037
