0 0.353557 0.825781 0.5125 0.0734375 0.159375
0 0.363395 0.350781 0.141406 0.0640625 0.123438
0 0.377796 0.720312 0.458594 0.065625 0.179688
0 0.386564 0.335156 0.500781 0.267188 0.354688
0 0.399918 0.0859375 0.217187 0.065625 0.065625
0 0.404274 0.349219 0.0335938 0.0734375 0.0671875
0 0.419997 0.611719 0.040625 0.0640625 0.08125
0 0.451843 0.133594 0.386719 0.185937 0.217187
0 0.476161 0.984375 0.18125 0.03125 0.040625
0 0.492913 0.408594 0.142188 0.0703125 0.159375
0 0.519231 0.272656 0.296875 0.0796875 0.10625
0 0.535309 0.858594 0.176563 0.120312 0.08125
0 0.627632 0.809375 0.385156 0.084375 0.120312
0 0.666011 0.803125 0.282813 0.121875 0.128125
0 0.70964 0.886719 0.229687 0.0828125 0.0625
0 0.807505 0.9125 0.936719 0.175 0.126563
0 0.824154 0.55625 0.130469 0.18125 0.232812
0 0.836808 0.625 0.322656 0.115625 0.123438
0 0.893715 0.220313 0.16875 0.078125 0.1
0 0.938139 0.329688 0.0460938 0.078125 0.0734375
0 0.957502 0.177344 0.25 0.0765625 0.103125
0 0.968136 0.685938 0.0351562 0.034375 0.0671875
0 0.989009 0.0859375 0.139844 0.171875 0.176563
0 0.989039 0.863281 0.0953125 0.154687 0.1625
0 0.991188 0.196875 0.0429688 0.11875 0.0859375
0 0.350902 0.488281 0.0388889 0.0682292 0.0648148
0 0.354274 0.398177 0.240278 0.0411458 0.0712963
0 0.363681 0.967969 0.880556 0.0640625 0.124074
0 0.385323 0.611979 0.0407407 0.0625 0.0814815
0 0.399459 0.0617188 0.301852 0.108854 0.105556
0 0.502467 0.335156 0.503704 0.244271 0.338889
0 0.508264 0.355729 0.0199074 0.0666667 0.0398148
0 0.508438 0.292708 0.0546296 0.028125 0.05
0 0.553537 0.719792 0.457407 0.0708333 0.17037
0 0.571938 0.804167 0.281944 0.1125 0.121296
0 0.579146 0.090625 0.204167 0.0697917 0.0731481
0 0.622842 0.134896 0.39213 0.182292 0.212037
0 0.626449 0.984115 0.180093 0.0296875 0.037963
0 0.6326 0.142188 0.145833 0.071875 0.121296
0 0.635521 0.860677 0.177778 0.111979 0.0796296
0 0.636101 0.72526 0.192593 0.0619792 0.0703704
0 0.636109 0.824219 0.515278 0.0723958 0.152778
0 0.741657 0.271875 0.296759 0.0770833 0.10463
0 0.767046 0.55651 0.12963 0.165104 0.248148
0 0.77977 0.62526 0.323611 0.114063 0.121296
0 0.780435 0.351823 0.141204 0.0692708 0.126852
0 0.809868 0.886458 0.230556 0.0770833 0.062963
0 0.831319 0.809375 0.387037 0.075 0.118519
0 0.891183 0.91224 0.9375 0.173438 0.125
0 0.904409 0.329427 0.0458333 0.0703125 0.0694444
0 0.953974 0.0809896 0.14213 0.161979 0.180556
0 0.95996 0.21901 0.168981 0.0734375 0.0990741
0 0.98406 0.865104 0.0967593 0.152083 0.171296
0 0.985975 0.197917 0.0430556 0.115625 0.0842593
0 0.98986 0.685938 0.0351852 0.034375 0.0648148
0 0.989961 0.177865 0.25 0.0765625 0.101852
