0 0.380675 0.750781 0.171094 0.0671875 0.0640625
0 0.404763 0.6875 0.146875 0.025 0.05
0 0.409086 0.602344 0.0179687 0.0390625 0.0359375
0 0.429095 0.296094 0.0742188 0.0859375 0.0609375
0 0.46379 0.653125 0.108594 0.034375 0.0359375
0 0.467079 0.965625 0.329688 0.065625 0.071875
0 0.521734 0.853125 0.192969 0.1125 0.0859375
0 0.538736 0.779688 0.121875 0.05 0.0625
0 0.540101 0.882812 0.25 0.06875 0.0625
0 0.564279 0.589844 0.0578125 0.0421875 0.034375
0 0.576183 0.567969 0.325781 0.0734375 0.132812
0 0.604795 0.83125 0.95625 0.23125 0.0875
0 0.617629 0.94375 0.188281 0.03125 0.0734375
0 0.631763 0.903125 0.317969 0.04375 0.0390625
0 0.653587 0.346875 0.549219 0.23125 0.357812
0 0.664191 0.647656 0.0476562 0.0640625 0.0546875
0 0.665307 0.861719 0.328125 0.0734375 0.065625
0 0.702974 0.6375 0.171094 0.071875 0.0640625
0 0.850144 0.351562 0.03125 0.090625 0.0625
0 0.852995 0.942187 0.0890625 0.1 0.1125
0 0.884097 0.75625 0.282031 0.065625 0.104687
0 0.940666 0.142188 0.7875 0.284375 0.425
0 0.958186 0.819531 0.766406 0.217187 0.232812
0 0.976876 0.453906 0.882031 0.232812 0.235938
0 0.977946 0.725 0.0367187 0.059375 0.0671875
0 0.35944 0.332812 0.0226852 0.0802083 0.0453704
0 0.360258 0.825781 0.286574 0.0401042 0.0435185
0 0.370958 0.253385 0.461111 0.0640625 0.107407
0 0.385649 0.436458 0.594907 0.152083 0.115741
0 0.395906 0.903646 0.187963 0.0385417 0.0407407
0 0.401956 0.308333 0.16713 0.0760417 0.119444
0 0.41574 0.853646 0.173611 0.0760417 0.0694444
0 0.424133 0.70026 0.456481 0.0401042 0.0722222
0 0.449069 0.636458 0.172685 0.0635417 0.0638889
0 0.456791 0.667969 0.3125 0.0484375 0.0712963
0 0.458636 0.904167 0.318519 0.0416667 0.0388889
0 0.474771 0.751823 0.173611 0.0661458 0.0638889
0 0.479116 0.747396 0.354167 0.059375 0.106481
0 0.48169 0.349479 0.55 0.230208 0.327778
0 0.500088 0.966667 0.32963 0.0635417 0.0666667
0 0.505192 0.433073 0.0365741 0.0182292 0.0472222
0 0.521223 0.203385 0.0342593 0.0619792 0.0685185
0 0.527758 0.0182292 0.148148 0.0364583 0.0703704
0 0.564355 0.810938 0.411574 0.071875 0.108333
0 0.591818 0.601823 0.0175926 0.0380208 0.0351852
0 0.622139 0.296094 0.0731481 0.0796875 0.062963
0 0.641147 0.944271 0.1875 0.0302083 0.0731481
0 0.641531 0.780469 0.122222 0.0473958 0.0648148
0 0.643281 0.570833 0.329167 0.0614583 0.128704
0 0.656102 0.589844 0.0564815 0.0401042 0.037037
0 0.668757 0.851042 0.192593 0.10625 0.0888889
0 0.718746 0.83125 0.955556 0.216667 0.0888889
0 0.740431 0.939062 0.0916667 0.0822917 0.125926
0 0.749659 0.653385 0.108796 0.0338542 0.037963
0 0.763802 0.885156 0.252315 0.0682292 0.0638889
0 0.786062 0.757292 0.282407 0.0614583 0.101852
0 0.80335 0.648958 0.0476852 0.0645833 0.0583333
0 0.841443 0.861979 0.329167 0.0760417 0.0675926
0 0.880469 0.688542 0.142593 0.0229167 0.0462963
0 0.953973 0.354427 0.0314815 0.0859375 0.062963
0 0.96676 0.150521 0.783333 0.301042 0.433333
0 0.975456 0.450781 0.880093 0.221354 0.239815
0 0.9805 0.815104 0.766667 0.221875 0.231481
0 0.993362 0.72526 0.0361111 0.0598958 0.0685185
